1: 332 
1: 345 
1: 424 
1: 455 
1: 473 
1: 474 
3: 447 429 454 
3: 485 483 486 
317: 364 363 365 358 329 275 330 359 354 360 341 340 342 265 264 268 251 233 130 234 66 92 34 96 481 98 482 263 73 269 150 94 151 229 242 185 243 257 254 258 261 255 262 256 211 122 217 397 396 398 197 132 198 136 266 9 267 141 137 142 46 8 51 90 89 91 128 204 194 206 164 163 174 144 143 148 155 154 158 14 111 110 209 177 210 156 44 43 45 147 56 42 57 28 47 39 49 286 124 290 166 95 173 25 187 184 188 134 133 135 139 78 67 79 138 19 18 24 288 287 289 53 36 54 22 21 23 159 129 161 220 149 223 31 29 32 241 125 119 126 169 160 170 40 11 41 240 5 1 6 386 384 387 385 298 193 299 107 183 182 189 294 291 295 180 178 181 224 213 225 191 30 192 27 244 48 245 171 165 172 228 64 55 65 84 76 12 80 68 52 72 59 20 60 231 190 232 207 205 208 237 236 238 145 88 146 87 214 153 215 176 152 179 212 112 216 175 70 69 71 77 167 157 168 271 270 272 230 203 246 322 318 323 284 226 106 247 218 114 219 300 103 301 113 58 50 63 493 480 494 347 333 351 346 498 496 499 419 411 420 367 235 227 239 201 200 202 277 253 278 487 484 488 337 282 338 477 348 336 350 465 405 389 407 377 448 441 449 406 478 281 479 413 311 306 314 304 302 307 312 305 313 371 370 372 303 356 355 357 366 450 430 453 432 319 283 324 
145: 451 410 452 418 422 421 423 468 369 469 352 349 353 335 399 280 402 464 440 466 334 273 339 74 4 83 0 296 285 297 259 116 115 123 118 117 120 121 292 186 293 443 442 444 108 105 109 414 412 415 249 248 250 252 102 101 104 427 381 428 408 395 409 392 391 393 437 426 438 436 10 3 13 99 7 100 221 97 222 15 162 33 199 260 127 17 140 61 2 62 37 35 38 195 131 196 93 81 16 82 26 85 75 86 383 382 388 445 401 446 457 362 458 462 459 463 460 456 461 471 470 472 492 476 495 434 433 435 425 416 368 417 403 400 404 276 274 279 373 316 310 317 309 308 331 
19: 475 467 497 431 375 439 390 374 394 379 376 380 325 320 315 321 361 344 378 
7: 490 489 491 343 327 326 328 
