44: 0 1 2 3 5 7 8 10 11 21 22 25 34 35 36 37 38 46 48 50 53 54 61 62 63 65 67 78 81 87 88 89 90 91 92 93 95 96 145 244 260 264 265 280 
26: 9 16 24 40 45 51 71 72 73 80 86 98 143 144 146 250 262 263 266 267 269 270 271 272 273 481 
94: 245 246 333 336 338 339 340 341 342 343 344 345 346 347 349 350 351 352 353 354 355 356 357 359 360 361 362 363 364 366 367 368 369 370 371 374 391 393 394 396 397 398 407 409 410 411 412 414 415 416 417 418 419 420 421 422 423 424 430 432 435 438 439 440 441 446 447 449 450 451 452 455 457 458 463 464 466 467 468 469 470 471 472 473 474 488 489 490 491 495 496 497 498 499 
29: 278 279 281 282 334 335 337 348 358 365 392 413 456 459 460 461 462 465 476 477 478 480 483 484 485 486 487 492 493 
53: 27 29 30 31 97 103 105 109 110 111 112 113 114 116 119 122 123 124 125 132 139 152 160 169 170 172 173 175 176 178 179 180 181 182 183 190 191 192 193 197 211 212 213 214 221 224 228 231 240 241 298 300 399 
23: 293 306 307 308 309 310 311 314 315 316 317 320 321 323 324 378 380 381 427 428 429 453 454 
86: 14 26 28 32 33 94 101 102 104 106 107 108 115 117 118 120 121 126 131 133 134 135 136 138 148 149 150 151 154 155 161 162 164 165 166 171 174 184 185 186 187 188 189 194 195 196 198 199 200 201 202 203 204 205 206 207 208 216 217 218 220 222 223 225 226 227 229 230 232 234 235 236 237 238 239 242 243 285 286 287 288 289 292 297 299 301 
54: 100 283 284 290 291 294 295 296 302 303 304 305 312 313 318 319 322 325 373 375 376 377 379 382 383 384 385 386 387 388 389 390 395 400 401 402 403 404 405 406 408 425 426 431 433 434 436 437 442 443 444 445 448 475 
58: 12 13 15 17 18 19 20 23 39 41 42 43 44 47 49 52 55 56 57 58 59 60 64 66 68 69 70 75 76 77 79 82 83 84 85 127 128 129 130 137 140 141 142 147 153 156 157 158 159 163 167 168 177 209 210 215 233 251 
33: 4 6 74 99 219 247 248 249 252 253 254 255 256 257 258 259 261 268 274 275 276 277 326 327 328 329 330 331 332 372 479 482 494 
